data_root: "data/stanford_dogs_prepared"
img_size: 224
batch_size: 64
epochs: 50
lr: 0.000328942514266741
backbone_lr_mult: 0.43940439505900863
weight_decay: 0.0016465780123715995
drop_rate: 0.07647161940272162
drop_path_rate: 0.11960117182602113
label_smoothing: 0.09485373866337929
mixup_alpha: 0.04275765124985926
cutmix_alpha: 0.011087902601068653
ema_decay: 0.999
accumulation_steps: 1
pretrained: true
use_amp: true
num_classes: 120
output_dir: "checkpoints/run_default"